 111 
1   1
11111
1   1
1   1
1111 
1   1
1111 
1   1
1111 
 111 
1   1
1    
1   1
 111 
1111 
1   1
1   1
1   1
1111 
11111
1    
111  
1    
11111
11111
1    
111  
1    
1    
 1111
1    
1  11
1   1
 111 
1   1
1   1
11111
1   1
1   1
11111
  1  
  1  
  1  
11111
    1
    1
    1
1   1
 1110
1   1
1  10
11100
1   1
1   1
10000
10000
10000
1    
11111
1   1
11 11
1 1 1
1   1
1   1
1   1
11  1
1 1 1
1  11
1   1
11111
1   1
1   1
1   1
11111
11110
1   1
11110
10000
10000
11111
1   1
1   1
1  11
11111
11111
1   1
11111
1  10
1   1
11111
10000
11111
    1
11111
11111
  100
  100
  100
  100
1   1
1   1
1   1
1   1
11111
1   1
1   1
 1 10
 1 10
  100
1   1
1   1
1   1
1 1 1
11 11
1   1
 1 10
  100
 1 10
1   1
1   1
 1 10
  100
  100
  100
11111
   10
  100
 1000
11111
